[app/ui]
version = 7.1.0
modtime = 1526934464.153037000

[app/launcher]
version = 7.1.0
modtime = 1526934464.158477000

[views/topology_standalone]
owner = admin
version = 7.1.0
modtime = 1527117158.971471000

[app/install/install_source_checksum]
version = 7.1.2
modtime = 1532448000.122951000
